x  y  k1  k2 
1.0270290564280420  0.0000000000000000  0.000000000  0.000000000 
1.0270239882469627  0.0030999721555714  0.000000000  0.000000000 
1.0270087837537458  0.0061999137156692  0.000000000  0.000000000 
1.0269834430984535  0.0092997940851216  0.000000000  0.000000000 
1.0269479665311878  0.0123995826693608  0.000000000  0.000000000 
1.0269023544020881  0.0154992488747250  0.000000000  0.000000000 
1.0268466071613276  0.0185987621087602  0.000000000  0.000000000 
1.0267807253591092  0.0216980917805219  0.000000000  0.000000000 
1.0267047096456596  0.0247972073008776  0.000000000  0.000000000 
1.0266185607712235  0.0278960780828083  0.000000000  0.000000000 
1.0265222795860551  0.0309946735417105  0.000000000  0.000000000 
1.0264158670404111  0.0340929630956978  0.000000000  0.000000000 
1.0262993241845402  0.0371909161659033  0.000000000  0.000000000 
1.0261726521686734  0.0402885021767808  0.000000000  0.000000000 
1.0260358522430122  0.0433856905564069  0.000000000  0.000000000 
1.0258889257577171  0.0464824507367827  0.000000000  0.000000000 
1.0257318741628927  0.0495787521541355  0.000000000  0.000000000 
1.0255646990085749  0.0526745642492203  0.000000000  0.000000000 
1.0253874019447151  0.0557698564676216  0.000000000  0.000000000 
1.0251999847211639  0.0588645982600547  0.000000000  0.000000000 
1.0250024491876535  0.0619587590826675  0.000000000  0.000000000 
1.0247947972937799  0.0650523083973421  0.000000000  0.000000000 
1.0245770310889832  0.0681452156719953  0.000000000  0.000000000 
1.0243491527225284  0.0712374503808813  0.000000000  0.000000000 
1.0241111644434826  0.0743289820048917  0.000000000  0.000000000 
1.0238630686006938  0.0774197800318575  0.000000000  0.000000000 
1.0236048676427685  0.0805098139568501  0.000000000  0.000000000 
1.0233365641180456  0.0835990532824820  0.000000000  0.000000000 
1.0230581606745726  0.0866874675192084  0.000000000  0.000000000 
1.0227696600600789  0.0897750261856274  0.000000000  0.000000000 
1.0224710651219491  0.0928616988087817  0.000000000  0.000000000 
1.0221623788071947  0.0959474549244585  0.000000000  0.000000000 
1.0218436041624255  0.0990322640774907  0.000000000  0.000000000 
1.0215147443338179  0.1021160958220575  0.000000000  0.000000000 
1.0211758025670863  0.1051989197219844  0.000000000  0.000000000 
1.0208267822074484  0.1082807053510442  0.000000000  0.000000000 
1.0204676866995945  0.1113614222932569  0.000000000  0.000000000 
1.0200985195876524  0.1144410401431899  0.000000000  0.000000000 
1.0197192845151526  0.1175195285062584  0.000000000  0.000000000 
1.0193299852249917  0.1205968569990252  0.000000000  0.000000000 
1.0189306255593968  0.1236729952495003  0.000000000  0.000000000 
1.0185212094598868  0.1267479128974411  0.000000000  0.000000000 
1.0181017409672330  0.1298215795946518  0.000000000  0.000000000 
1.0176722242214200  0.1328939650052830  0.000000000  0.000000000 
1.0172326634616049  0.1359650388061310  0.000000000  0.000000000 
1.0167830630260750  0.1390347706869374  0.000000000  0.000000000 
1.0163234273522048  0.1421031303506876  0.000000000  0.000000000 
1.0158537609764131  0.1451700875139107  0.000000000  0.000000000 
1.0153740685341173  0.1482356119069775  0.000000000  0.000000000 
1.0148843547596882  0.1512996732744000  0.000000000  0.000000000 
1.0143846244864030  0.1543622413751294  0.000000000  0.000000000 
1.0138748826463975  0.1574232859828549  0.000000000  0.000000000 
1.0133551342706184  0.1604827768863022  0.000000000  0.000000000 
1.0128253844887722  0.1635406838895311  0.000000000  0.000000000 
1.0122856385292749  0.1665969768122341  0.000000000  0.000000000 
1.0117359017192018  0.1696516254900338  0.000000000  0.000000000 
1.0111761794842331  0.1727045997747811  0.000000000  0.000000000 
1.0106064773486008  0.1757558695348523  0.000000000  0.000000000 
1.0100268009350359  0.1788054046554467  0.000000000  0.000000000 
1.0094371559647100  0.1818531750388838  0.000000000  0.000000000 
1.0088375482571807  0.1848991506049004  0.000000000  0.000000000 
1.0082279837303345  0.1879433012909473  0.000000000  0.000000000 
1.0076084684003270  0.1909855970524862  0.000000000  0.000000000 
1.0069790083815242  0.1940260078632863  0.000000000  0.000000000 
1.0063396098864428  0.1970645037157202  0.000000000  0.000000000 
1.0056902792256872  0.2001010546210606  0.000000000  0.000000000 
1.0050310228078896  0.2031356306097759  0.000000000  0.000000000 
1.0043618471396445  0.2061682017318263  0.000000000  0.000000000 
1.0036827588254449  0.2091987380569591  0.000000000  0.000000000 
1.0029937645676192  0.2122272096750042  0.000000000  0.000000000 
1.0022948711662618  0.2152535866961693  0.000000000  0.000000000 
1.0015860855191692  0.2182778392513352  0.000000000  0.000000000 
1.0008674146217691  0.2212999374923501  0.000000000  0.000000000 
1.0001388655670529  0.2243198515923242  0.000000000  0.000000000 
0.9994004455455062  0.2273375517459247  0.000000000  0.000000000 
0.9986521618450362  0.2303530081696694  0.000000000  0.000000000 
0.9978940218509009  0.2333661911022207  0.000000000  0.000000000 
0.9971260330456362  0.2363770708046796  0.000000000  0.000000000 
0.9963482030089814  0.2393856175608789  0.000000000  0.000000000 
0.9955605394178048  0.2423918016776768  0.000000000  0.000000000 
0.9947630500460283  0.2453955934852497  0.000000000  0.000000000 
0.9939557427645499  0.2483969633373851  0.000000000  0.000000000 
0.9931386255411665  0.2513958816117742  0.000000000  0.000000000 
0.9923117064404954  0.2543923187103045  0.000000000  0.000000000 
0.9914749936238942  0.2573862450593514  0.000000000  0.000000000 
0.9906284953493806  0.2603776311100707  0.000000000  0.000000000 
0.9897722199715507  0.2633664473386895  0.000000000  0.000000000 
0.9889061759414969  0.2663526642467985  0.000000000  0.000000000 
0.9880303718067240  0.2693362523616423  0.000000000  0.000000000 
0.9871448162110656  0.2723171822364107  0.000000000  0.000000000 
0.9862495178945976  0.2752954244505293  0.000000000  0.000000000 
0.9853444856935530  0.2782709496099500  0.000000000  0.000000000 
0.9844297285402344  0.2812437283474404  0.000000000  0.000000000 
0.9835052554629252  0.2842137313228748  0.000000000  0.000000000 
0.9825710755858020  0.2871809292235226  0.000000000  0.000000000 
0.9816271981288426  0.2901452927643387  0.000000000  0.000000000 
0.9806736324077366  0.2931067926882517  0.000000000  0.000000000 
0.9797103878337927  0.2960653997664528  0.000000000  0.000000000 
0.9787374739138459  0.2990210847986846  0.000000000  0.000000000 
0.9777549002501641  0.3019738186135291  0.000000000  0.000000000 
0.9767626765403523  0.3049235720686957  0.000000000  0.000000000 
0.9757608125772581  0.3078703160513087  0.000000000  0.000000000 
0.9747493182488742  0.3108140214781945  0.000000000  0.000000000 
0.9737282035382416  0.3137546592961689  0.000000000  0.000000000 
0.9726974785233501  0.3166922004823240  0.000000000  0.000000000 
0.9716571533770393  0.3196266160443141  0.000000000  0.000000000 
0.9706072383668984  0.3225578770206424  0.000000000  0.000000000 
0.9695477438551652  0.3254859544809464  0.000000000  0.000000000 
0.9684786802986221  0.3284108195262836  0.000000000  0.000000000 
0.9674000582484952  0.3313324432894169  0.000000000  0.000000000 
0.9663118883503486  0.3342507969350993  0.000000000  0.000000000 
0.9652141813439798  0.3371658516603585  0.000000000  0.000000000 
0.9641069480633140  0.3400775786947811  0.000000000  0.000000000 
0.9629901994362964  0.3429859493007968  0.000000000  0.000000000 
0.9618639464847853  0.3458909347739620  0.000000000  0.000000000 
0.9607282003244426  0.3487925064432428  0.000000000  0.000000000 
0.9595829721646243  0.3516906356712983  0.000000000  0.000000000 
0.9584282733082702  0.3545852938547628  0.000000000  0.000000000 
0.9572641151517916  0.3574764524245290  0.000000000  0.000000000 
0.9560905091849595  0.3603640828460287  0.000000000  0.000000000 
0.9549074669907912  0.3632481566195157  0.000000000  0.000000000 
0.9537150002454354  0.3661286452803461  0.000000000  0.000000000 
0.9525131207180576  0.3690055203992596  0.000000000  0.000000000 
0.9513018402707234  0.3718787535826604  0.000000000  0.000000000 
0.9500811708582817  0.3747483164728968  0.000000000  0.000000000 
0.9488511245282470  0.3776141807485416  0.000000000  0.000000000 
0.9476117134206798  0.3804763181246715  0.000000000  0.000000000 
0.9463629497680677  0.3833347003531460  0.000000000  0.000000000 
0.9451048458952033  0.3861892992228864  0.000000000  0.000000000 
0.9438374142190644  0.3890400865601545  0.000000000  0.000000000 
0.9425606672486895  0.3918870342288301  0.000000000  0.000000000 
0.9412746175850563  0.3947301141306890  0.000000000  0.000000000 
0.9399792779209551  0.3975692982056804  0.000000000  0.000000000 
0.9386746610408662  0.4004045584322038  0.000000000  0.000000000 
0.9373607798208308  0.4032358668273853  0.000000000  0.000000000 
0.9360376472283265  0.4060631954473541  0.000000000  0.000000000 
0.9347052763221378  0.4088865163875183  0.000000000  0.000000000 
0.9333636802522276  0.4117058017828398  0.000000000  0.000000000 
0.9320128722596074  0.4145210238081100  0.000000000  0.000000000 
0.9306528656762070  0.4173321546782242  0.000000000  0.000000000 
0.9292836739247419  0.4201391666484555  0.000000000  0.000000000 
0.9279053105185822  0.4229420320147291  0.000000000  0.000000000 
0.9265177890616183  0.4257407231138953  0.000000000  0.000000000 
0.9251211232481267  0.4285352123240028  0.000000000  0.000000000 
0.9237153268626350  0.4313254720645713  0.000000000  0.000000000 
0.9223004137797864  0.4341114747968637  0.000000000  0.000000000 
0.9208763979642014  0.4368931930241579  0.000000000  0.000000000 
0.9194432934703413  0.4396705992920177  0.000000000  0.000000000 
0.9180011144423690  0.4424436661885647  0.000000000  0.000000000 
0.9165498751140092  0.4452123663447481  0.000000000  0.000000000 
0.9150895898084080  0.4479766724346153  0.000000000  0.000000000 
0.9136202729379922  0.4507365571755810  0.000000000  0.000000000 
0.9121419390043258  0.4534919933286972  0.000000000  0.000000000 
0.9106546025979683  0.4562429536989213  0.000000000  0.000000000 
0.9091582783983290  0.4589894111353850  0.000000000  0.000000000 
0.9076529811735239  0.4617313385316624  0.000000000  0.000000000 
0.9061387257802291  0.4644687088260370  0.000000000  0.000000000 
0.9046155271635339  0.4672014950017691  0.000000000  0.000000000 
0.9030834003567936  0.4699296700873624  0.000000000  0.000000000 
0.9015423604814812  0.4726532071568302  0.000000000  0.000000000 
0.8999924227470384  0.4753720793299611  0.000000000  0.000000000 
0.8984336024507247  0.4780862597725847  0.000000000  0.000000000 
0.8968659149774670  0.4807957216968353  0.000000000  0.000000000 
0.8952893757997080  0.4835004383614180  0.000000000  0.000000000 
0.8937040004772527  0.4862003830718711  0.000000000  0.000000000 
0.8921098046571156  0.4888955291808304  0.000000000  0.000000000 
0.8905068040733659  0.4915858500882917  0.000000000  0.000000000 
0.8888950145469722  0.4942713192418738  0.000000000  0.000000000 
0.8872744519856463  0.4969519101370805  0.000000000  0.000000000 
0.8856451323836864  0.4996275963175617  0.000000000  0.000000000 
0.8840070718218193  0.5022983513753752  0.000000000  0.000000000 
0.8823602864670415  0.5049641489512464  0.000000000  0.000000000 
0.8807047925724595  0.5076249627348297  0.000000000  0.000000000 
0.8790406064771297  0.5102807664649676  0.000000000  0.000000000 
0.8773677446058969  0.5129315339299491  0.000000000  0.000000000 
0.8756862234692327  0.5155772389677694  0.000000000  0.000000000 
0.8739960596630717  0.5182178554663881  0.000000000  0.000000000 
0.8722972698686482  0.5208533573639863  0.000000000  0.000000000 
0.8705898708523319  0.5234837186492245  0.000000000  0.000000000 
0.8688738794654616  0.5261089133614986  0.000000000  0.000000000 
0.8671493126441794  0.5287289155911963  0.000000000  0.000000000 
0.8654161874092638  0.5313436994799537  0.000000000  0.000000000 
0.8636745208659612  0.5339532392209094  0.000000000  0.000000000 
0.8619243302038170  0.5365575090589597  0.000000000  0.000000000 
0.8601656326965067  0.5391564832910126  0.000000000  0.000000000 
0.8583984457016647  0.5417501362662417  0.000000000  0.000000000 
0.8566227866607130  0.5443384423863392  0.000000000  0.000000000 
0.8548386730986897  0.5469213761057686  0.000000000  0.000000000 
0.8530461226240751  0.5494989119320169  0.000000000  0.000000000 
0.8512451529286188  0.5520710244258463  0.000000000  0.000000000 
0.8494357817871648  0.5546376882015446  0.000000000  0.000000000 
0.8476180270574757  0.5571988779271766  0.000000000  0.000000000 
0.8457919066800565  0.5597545683248338  0.000000000  0.000000000 
0.8439574386779787  0.5623047341708838  0.000000000  0.000000000 
0.8421146411567004  0.5648493502962191  0.000000000  0.000000000 
0.8402635323038893  0.5673883915865058  0.000000000  0.000000000 
0.8384041303892426  0.5699218329824315  0.000000000  0.000000000 
0.8365364537643063  0.5724496494799524  0.000000000  0.000000000 
0.8346605208622947  0.5749718161305402  0.000000000  0.000000000 
0.8327763501979084  0.5774883080414284  0.000000000  0.000000000 
0.8308839603671510  0.5799991003758574  0.000000000  0.000000000 
0.8289833700471462  0.5825041683533212  0.000000000  0.000000000 
0.8270745979959532  0.5850034872498097  0.000000000  0.000000000 
0.8251576630523816  0.5874970323980544  0.000000000  0.000000000 
0.8232325841358050  0.5899847791877715  0.000000000  0.000000000 
0.8212993802459757  0.5924667030659044  0.000000000  0.000000000 
0.8193580704628352  0.5949427795368668  0.000000000  0.000000000 
0.8174086739463274  0.5974129841627831  0.000000000  0.000000000 
0.8154512099362092  0.5998772925637311  0.000000000  0.000000000 
0.8134856977518599  0.6023356804179818  0.000000000  0.000000000 
0.8115121567920911  0.6047881234622395  0.000000000  0.000000000 
0.8095306065349556  0.6072345974918816  0.000000000  0.000000000 
0.8075410665375541  0.6096750783611967  0.000000000  0.000000000 
0.8055435564358435  0.6121095419836243  0.000000000  0.000000000 
0.8035380959444420  0.6145379643319913  0.000000000  0.000000000 
0.8015247048564351  0.6169603214387491  0.000000000  0.000000000 
0.7995034030431798  0.6193765893962115  0.000000000  0.000000000 
0.7974742104541089  0.6217867443567889  0.000000000  0.000000000 
0.7954371471165345  0.6241907625332249  0.000000000  0.000000000 
0.7933922331354486  0.6265886201988308  0.000000000  0.000000000 
0.7913394886933274  0.6289802936877193  0.000000000  0.000000000 
0.7892789340499292  0.6313657593950387  0.000000000  0.000000000 
0.7872105895420970  0.6337449937772056  0.000000000  0.000000000 
0.7851344755835556  0.6361179733521372  0.000000000  0.000000000 
0.7830506126647120  0.6384846746994829  0.000000000  0.000000000 
0.7809590213524514  0.6408450744608561  0.000000000  0.000000000 
0.7788597222899364  0.6431991493400639  0.000000000  0.000000000 
0.7767527361964004  0.6455468761033378  0.000000000  0.000000000 
0.7746380838669460  0.6478882315795624  0.000000000  0.000000000 
0.7725157861723380  0.6502231926605043  0.000000000  0.000000000 
0.7703858640587975  0.6525517363010404  0.000000000  0.000000000 
0.7682483385477964  0.6548738395193849  0.000000000  0.000000000 
0.7661032307358481  0.6571894793973168  0.000000000  0.000000000 
0.7639505617943007  0.6594986330804051  0.000000000  0.000000000 
0.7617903529691278  0.6618012777782352  0.000000000  0.000000000 
0.7596226255807184  0.6640973907646336  0.000000000  0.000000000 
0.7574474010236665  0.6663869493778922  0.000000000  0.000000000 
0.7552647007665603  0.6686699310209917  0.000000000  0.000000000 
0.7530745463517703  0.6709463131618251  0.000000000  0.000000000 
0.7508769593952364  0.6732160733334194  0.000000000  0.000000000 
0.7486719615862543  0.6754791891341583  0.000000000  0.000000000 
0.7464595746872627  0.6777356382280023  0.000000000  0.000000000 
0.7442398205336268  0.6799853983447102  0.000000000  0.000000000 
0.7420127210334239  0.6822284472800574  0.000000000  0.000000000 
0.7397782981672271  0.6844647628960568  0.000000000  0.000000000 
0.7375365739878879  0.6866943231211761  0.000000000  0.000000000 
0.7352875706203191  0.6889171059505558  0.000000000  0.000000000 
0.7330313102612759  0.6911330894462269  0.000000000  0.000000000 
0.7307678151791370  0.6933422517373269  0.000000000  0.000000000 
0.7284971077136854  0.6955445710203156  0.000000000  0.000000000 
0.7262192102758867  0.6977400255591915  0.000000000  0.000000000 
0.7239341453476692  0.6999285936857039  0.000000000  0.000000000 
0.7216419354817011  0.7021102537995692  0.000000000  0.000000000 
0.7193426033011684  0.7042849843686829  0.000000000  0.000000000 
0.7170361714995515  0.7064527639293323  0.000000000  0.000000000 
0.7147226628404013  0.7086135710864082  0.000000000  0.000000000 
0.7124021001571139  0.7107673845136163  0.000000000  0.000000000 
0.7100745063527063  0.7129141829536877  0.000000000  0.000000000 
0.7077399043995897  0.7150539452185884  0.000000000  0.000000000 
0.7053983173393427  0.7171866501897289  0.000000000  0.000000000 
0.7030497682824847  0.7193122768181719  0.000000000  0.000000000 
0.7006942804082462  0.7214308041248408  0.000000000  0.000000000 
0.6983318769643418  0.7235422112007264  0.000000000  0.000000000 
0.6959625812667398  0.7256464772070933  0.000000000  0.000000000 
0.6935864166994321  0.7277435813756853  0.000000000  0.000000000 
0.6912034067142038  0.7298335030089312  0.000000000  0.000000000 
0.6888135748304013  0.7319162214801482  0.000000000  0.000000000 
0.6864169446347005  0.7339917162337457  0.000000000  0.000000000 
0.6840135397808740  0.7360599667854285  0.000000000  0.000000000 
0.6816033839895571  0.7381209527223983  0.000000000  0.000000000 
0.6791865010480148  0.7401746537035565  0.000000000  0.000000000 
0.6767629148099058  0.7422210494597030  0.000000000  0.000000000 
0.6743326491950479  0.7442601197937383  0.000000000  0.000000000 
0.6718957281891815  0.7462918445808610  0.000000000  0.000000000 
0.6694521758437332  0.7483162037687678  0.000000000  0.000000000 
0.6670020162755780  0.7503331773778512  0.000000000  0.000000000 
0.6645452736668019  0.7523427455013956  0.000000000  0.000000000 
0.6620819722644624  0.7543448883057747  0.000000000  0.000000000 
0.6596121363803500  0.7563395860306478  0.000000000  0.000000000 
0.6571357903907478  0.7583268189891534  0.000000000  0.000000000 
0.6546529587361907  0.7603065675681044  0.000000000  0.000000000 
0.6521636659212250  0.7622788122281817  0.000000000  0.000000000 
0.6496679365141659  0.7642435335041268  0.000000000  0.000000000 
0.6471657951468549  0.7662007120049337  0.000000000  0.000000000 
0.6446572665144171  0.7681503284140410  0.000000000  0.000000000 
0.6421423753750176  0.7700923634895215  0.000000000  0.000000000 
0.6396211465496165  0.7720267980642733  0.000000000  0.000000000 
0.6370936049217244  0.7739536130462081  0.000000000  0.000000000 
0.6345597754371568  0.7758727894184397  0.000000000  0.000000000 
0.6320196831037879  0.7777843082394724  0.000000000  0.000000000 
0.6294733529913034  0.7796881506433870  0.000000000  0.000000000 
0.6269208102309535  0.7815842978400276  0.000000000  0.000000000 
0.6243620800153048  0.7834727311151868  0.000000000  0.000000000 
0.6217971875979915  0.7853534318307905  0.000000000  0.000000000 
0.6192261582934664  0.7872263814250823  0.000000000  0.000000000 
0.6166490174767506  0.7890915614128055  0.000000000  0.000000000 
0.6140657905831834  0.7909489533853866  0.000000000  0.000000000 
0.6114765031081717  0.7927985390111167  0.000000000  0.000000000 
0.6088811806069374  0.7946403000353328  0.000000000  0.000000000 
0.6062798486942658  0.7964742182805966  0.000000000  0.000000000 
0.6036725330442526  0.7983002756468757  0.000000000  0.000000000 
0.6010592593900508  0.8001184541117210  0.000000000  0.000000000 
0.5984400535236162  0.8019287357304451  0.000000000  0.000000000 
0.5958149412954532  0.8037311026362993  0.000000000  0.000000000 
0.5931839486143600  0.8055255370406499  0.000000000  0.000000000 
0.5905471014471720  0.8073120212331536  0.000000000  0.000000000 
0.5879044258185062  0.8090905375819328  0.000000000  0.000000000 
0.5852559478105043  0.8108610685337491  0.000000000  0.000000000 
0.5826016935625747  0.8126235966141770  0.000000000  0.000000000 
0.5799416892711355  0.8143781044277756  0.000000000  0.000000000 
0.5772759611893552  0.8161245746582613  0.000000000  0.000000000 
0.5746045356268938  0.8178629900686779  0.000000000  0.000000000 
0.5719274389496427  0.8195933335015672  0.000000000  0.000000000 
0.5692446975794658  0.8213155878791379  0.000000000  0.000000000 
0.5665563379939373  0.8230297362034350  0.000000000  0.000000000 
0.5638623867260807  0.8247357615565061  0.000000000  0.000000000 
0.5611628703641075  0.8264336471005701  0.000000000  0.000000000 
0.5584578155511546  0.8281233760781819  0.000000000  0.000000000 
0.5557472489850206  0.8298049318123988  0.000000000  0.000000000 
0.5530311974179033  0.8314782977069444  0.000000000  0.000000000 
0.5503096876561354  0.8331434572463730  0.000000000  0.000000000 
0.5475827465599192  0.8348003939962323  0.000000000  0.000000000 
0.5448504010430627  0.8364490916032253  0.000000000  0.000000000 
0.5421126780727128  0.8380895337953725  0.000000000  0.000000000 
0.5393696046690901  0.8397217043821714  0.000000000  0.000000000 
0.5366212079052215  0.8413455872547576  0.000000000  0.000000000 
0.5338675149066738  0.8429611663860623  0.000000000  0.000000000 
0.5311085528512851  0.8445684258309721  0.000000000  0.000000000 
0.5283443489688967  0.8461673497264852  0.000000000  0.000000000 
0.5255749305410854  0.8477579222918679  0.000000000  0.000000000 
0.5228003249008928  0.8493401278288113  0.000000000  0.000000000 
0.5200205594325563  0.8509139507215855  0.000000000  0.000000000 
0.5172356615712392  0.8524793754371939  0.000000000  0.000000000 
0.5144456588027588  0.8540363865255267  0.000000000  0.000000000 
0.5116505786633161  0.8555849686195128  0.000000000  0.000000000 
0.5088504487392238  0.8571251064352724  0.000000000  0.000000000 
0.5060452966666334  0.8586567847722666  0.000000000  0.000000000 
0.5032351501312640  0.8601799885134492  0.000000000  0.000000000 
0.5004200368681270  0.8616947026254137  0.000000000  0.000000000 
0.4975999846612537  0.8632009121585436  0.000000000  0.000000000 
0.4947750213434210  0.8646986022471588  0.000000000  0.000000000 
0.4919451747958765  0.8661877581096626  0.000000000  0.000000000 
0.4891104729480630  0.8676683650486882  0.000000000  0.000000000 
0.4862709437773435  0.8691404084512425  0.000000000  0.000000000 
0.4834266153087244  0.8706038737888517  0.000000000  0.000000000 
0.4805775156145793  0.8720587466177037  0.000000000  0.000000000 
0.4777236728143723  0.8735050125787907  0.000000000  0.000000000 
0.4748651150743793  0.8749426573980519  0.000000000  0.000000000 
0.4720018706074114  0.8763716668865131  0.000000000  0.000000000 
0.4691339676725354  0.8777920269404280  0.000000000  0.000000000 
0.4662614345747955  0.8792037235414156  0.000000000  0.000000000 
0.4633842996649338  0.8806067427566010  0.000000000  0.000000000 
0.4605025913391102  0.8820010707387507  0.000000000  0.000000000 
0.4576163380386224  0.8833866937264102  0.000000000  0.000000000 
0.4547255682496255  0.8847635980440405  0.000000000  0.000000000 
0.4518303105028501  0.8861317701021516  0.000000000  0.000000000 
0.4489305933733211  0.8874911963974376  0.000000000  0.000000000 
0.4460264454800764  0.8888418635129099  0.000000000  0.000000000 
0.4431178954858828  0.8901837581180292  0.000000000  0.000000000 
0.4402049720969547  0.8915168669688376  0.000000000  0.000000000 
0.4372877040626700  0.8928411769080892  0.000000000  0.000000000 
0.4343661201752864  0.8941566748653790  0.000000000  0.000000000 
0.4314402492696572  0.8954633478572736  0.000000000  0.000000000 
0.4285101202229473  0.8967611829874380  0.000000000  0.000000000 
0.4255757619543474  0.8980501674467635  0.000000000  0.000000000 
0.4226372034247888  0.8993302885134938  0.000000000  0.000000000 
0.4196944736366580  0.9006015335533508  0.000000000  0.000000000 
0.4167476016335099  0.9018638900196592  0.000000000  0.000000000 
0.4137966164997815  0.9031173454534703  0.000000000  0.000000000 
0.4108415473605047  0.9043618874836850  0.000000000  0.000000000 
0.4078824233810188  0.9055975038271757  0.000000000  0.000000000 
0.4049192737666830  0.9068241822889084  0.000000000  0.000000000 
0.4019521277625877  0.9080419107620615  0.000000000  0.000000000 
0.3989810146532660  0.9092506772281469  0.000000000  0.000000000 
0.3960059637624048  0.9104504697571272  0.000000000  0.000000000 
0.3930270044525552  0.9116412765075349  0.000000000  0.000000000 
0.3900441661248433  0.9128230857265878  0.000000000  0.000000000 
0.3870574782186789  0.9139958857503062  0.000000000  0.000000000 
0.3840669702114658  0.9151596650036273  0.000000000  0.000000000 
0.3810726716183109  0.9163144120005197  0.000000000  0.000000000 
0.3780746119917324  0.9174601153440969  0.000000000  0.000000000 
0.3750728209213683  0.9185967637267290  0.000000000  0.000000000 
0.3720673280336849  0.9197243459301560  0.000000000  0.000000000 
0.3690581629916834  0.9208428508255960  0.000000000  0.000000000 
0.3660453554946080  0.9219522673738579  0.000000000  0.000000000 
0.3630289352776523  0.9230525846254480  0.000000000  0.000000000 
0.3600089321116662  0.9241437917206792  0.000000000  0.000000000 
0.3569853758028616  0.9252258778897781  0.000000000  0.000000000 
0.3539582961925187  0.9262988324529910  0.000000000  0.000000000 
0.3509277231566910  0.9273626448206895  0.000000000  0.000000000 
0.3478936866059112  0.9284173044934751  0.000000000  0.000000000 
0.3448562164848948  0.9294628010622825  0.000000000  0.000000000 
0.3418153427722458  0.9304991242084830  0.000000000  0.000000000 
0.3387710954801601  0.9315262637039851  0.000000000  0.000000000 
0.3357235046541294  0.9325442094113368  0.000000000  0.000000000 
0.3326726003726449  0.9335529512838249  0.000000000  0.000000000 
0.3296184127469000  0.9345524793655744  0.000000000  0.000000000 
0.3265609719204937  0.9355427837916468  0.000000000  0.000000000 
0.3235003080691325  0.9365238547881369  0.000000000  0.000000000 
0.3204364514003331  0.9374956826722702  0.000000000  0.000000000 
0.3173694321531237  0.9384582578524980  0.000000000  0.000000000 
0.3142992805977461  0.9394115708285916  0.000000000  0.000000000 
0.3112260270353570  0.9403556121917371  0.000000000  0.000000000 
0.3081497017977278  0.9412903726246270  0.000000000  0.000000000 
0.3050703352469472  0.9422158429015535  0.000000000  0.000000000 
0.3019879577751194  0.9431320138884984  0.000000000  0.000000000 
0.2989025998040659  0.9440388765432240  0.000000000  0.000000000 
0.2958142917850242  0.9449364219153621  0.000000000  0.000000000 
0.2927230641983476  0.9458246411465021  0.000000000  0.000000000 
0.2896289475532044  0.9467035254702789  0.000000000  0.000000000 
0.2865319723872770  0.9475730662124590  0.000000000  0.000000000 
0.2834321692664595  0.9484332547910262  0.000000000  0.000000000 
0.2803295687845577  0.9492840827162666  0.000000000  0.000000000 
0.2772242015629856  0.9501255415908523  0.000000000  0.000000000 
0.2741160982504640  0.9509576231099235  0.000000000  0.000000000 
0.2710052895227179  0.9517803190611718  0.000000000  0.000000000 
0.2678918060821733  0.9525936213249202  0.000000000  0.000000000 
0.2647756786576551  0.9533975218742037  0.000000000  0.000000000 
0.2616569380040827  0.9541920127748486  0.000000000  0.000000000 
0.2585356149021675  0.9549770861855501  0.000000000  0.000000000 
0.2554117401581082  0.9557527343579508  0.000000000  0.000000000 
0.2522853446032875  0.9565189496367166  0.000000000  0.000000000 
0.2491564590939672  0.9572757244596116  0.000000000  0.000000000 
0.2460251145109842  0.9580230513575742  0.000000000  0.000000000 
0.2428913417594453  0.9587609229547893  0.000000000  0.000000000 
0.2397551717684225  0.9594893319687623  0.000000000  0.000000000 
0.2366166354906473  0.9602082712103904  0.000000000  0.000000000 
0.2334757639022060  0.9609177335840333  0.000000000  0.000000000 
0.2303325880022328  0.9616177120875840  0.000000000  0.000000000 
0.2271871388126051  0.9623081998125371  0.000000000  0.000000000 
0.2240394473776365  0.9629891899440576  0.000000000  0.000000000 
0.2208895447637707  0.9636606757610477  0.000000000  0.000000000 
0.2177374620592747  0.9643226506362138  0.000000000  0.000000000 
0.2145832303739324  0.9649751080361307  0.000000000  0.000000000 
0.2114268808387371  0.9656180415213077  0.000000000  0.000000000 
0.2082684446055843  0.9662514447462506  0.000000000  0.000000000 
0.2051079528469647  0.9668753114595253  0.000000000  0.000000000 
0.2019454367556559  0.9674896355038193  0.000000000  0.000000000 
0.1987809275444150  0.9680944108160021  0.000000000  0.000000000 
0.1956144564456704  0.9686896314271859  0.000000000  0.000000000 
0.1924460547112134  0.9692752914627834  0.000000000  0.000000000 
0.1892757536118899  0.9698513851425661  0.000000000  0.000000000 
0.1861035844372921  0.9704179067807224  0.000000000  0.000000000 
0.1829295784954489  0.9709748507859125  0.000000000  0.000000000 
0.1797537671125176  0.9715222116613236  0.000000000  0.000000000 
0.1765761816324745  0.9720599840047249  0.000000000  0.000000000 
0.1733968534168054  0.9725881625085206  0.000000000  0.000000000 
0.1702158138441961  0.9731067419598022  0.000000000  0.000000000 
0.1670330943102231  0.9736157172403997  0.000000000  0.000000000 
0.1638487262270433  0.9741150833269326  0.000000000  0.000000000 
0.1606627410230840  0.9746048352908592  0.000000000  0.000000000 
0.1574751701427330  0.9750849682985254  0.000000000  0.000000000 
0.1542860450460279  0.9755554776112122  0.000000000  0.000000000 
0.1510953972083461  0.9760163585851827  0.000000000  0.000000000 
0.1479032581200935  0.9764676066717276  0.000000000  0.000000000 
0.1447096592863942  0.9769092174172107  0.000000000  0.000000000 
0.1415146322267794  0.9773411864631121  0.000000000  0.000000000 
0.1383182084748763  0.9777635095460716  0.000000000  0.000000000 
0.1351204195780969  0.9781761824979311  0.000000000  0.000000000 
0.1319212970973266  0.9785792012457749  0.000000000  0.000000000 
0.1287208726066126  0.9789725618119709  0.000000000  0.000000000 
0.1255191776928528  0.9793562603142090  0.000000000  0.000000000 
0.1223162439554833  0.9797302929655398  0.000000000  0.000000000 
0.1191121030061670  0.9800946560744124  0.000000000  0.000000000 
0.1159067864684816  0.9804493460447096  0.000000000  0.000000000 
0.1127003259776071  0.9807943593757849  0.000000000  0.000000000 
0.1094927531800143  0.9811296926624956  0.000000000  0.000000000 
0.1062840997331515  0.9814553425952380  0.000000000  0.000000000 
0.1030743973051330  0.9817713059599785  0.000000000  0.000000000 
0.0998636775744260  0.9820775796382862  0.000000000  0.000000000 
0.0966519722295378  0.9823741606073639  0.000000000  0.000000000 
0.0934393129687038  0.9826610459400766  0.000000000  0.000000000 
0.0902257314995737  0.9829382328049823  0.000000000  0.000000000 
0.0870112595388993  0.9832057184663585  0.000000000  0.000000000 
0.0837959288122211  0.9834635002842296  0.000000000  0.000000000 
0.0805797710535554  0.9837115757143929  0.000000000  0.000000000 
0.0773628180050807  0.9839499423084448  0.000000000  0.000000000 
0.0741451014168250  0.9841785977138024  0.000000000  0.000000000 
0.0709266530463518  0.9843975396737297  0.000000000  0.000000000 
0.0677075046584473  0.9846067660273577  0.000000000  0.000000000 
0.0644876880248065  0.9848062747097071  0.000000000  0.000000000 
0.0612672349237196  0.9849960637517072  0.000000000  0.000000000 
0.0580461771397586  0.9851761312802172  0.000000000  0.000000000 
0.0548245464634634  0.9853464755180431  0.000000000  0.000000000 
0.0516023746910282  0.9855070947839560  0.000000000  0.000000000 
0.0483796936239875  0.9856579874927089  0.000000000  0.000000000 
0.0451565350689024  0.9857991521550514  0.000000000  0.000000000 
0.0419329308370466  0.9859305873777454  0.000000000  0.000000000 
0.0387089127440924  0.9860522918635782  0.000000000  0.000000000 
0.0354845126097969  0.9861642644113757  0.000000000  0.000000000 
0.0322597622576876  0.9862665039160141  0.000000000  0.000000000 
0.0290346935147486  0.9863590093684308  0.000000000  0.000000000 
0.0258093382111064  0.9864417798556343  0.000000000  0.000000000 
0.0225837281797157  0.9865148145607131  0.000000000  0.000000000 
0.0193578952560453  0.9865781127628445  0.000000000  0.000000000 
0.0161318712777638  0.9866316738373005  0.000000000  0.000000000 
0.0129056880844255  0.9866754972554551  0.000000000  0.000000000 
0.0096793775171561  0.9867095825847889  0.000000000  0.000000000 
0.0064529714183383  0.9867339294888933  0.000000000  0.000000000 
0.0032265016312977  0.9867485377274742  0.000000000  0.000000000 
-0.0000000000000113  0.9867534071563542  0.000000000  0.000000000 
-0.0032265016313204  0.9867485377274741  0.000000000  0.000000000 
-0.0064529714183609  0.9867339294888932  0.000000000  0.000000000 
-0.0096793775171788  0.9867095825847887  0.000000000  0.000000000 
-0.0129056880844482  0.9866754972554549  0.000000000  0.000000000 
-0.0161318712777865  0.9866316738373002  0.000000000  0.000000000 
-0.0193578952560680  0.9865781127628440  0.000000000  0.000000000 
-0.0225837281797384  0.9865148145607127  0.000000000  0.000000000 
-0.0258093382111291  0.9864417798556337  0.000000000  0.000000000 
-0.0290346935147713  0.9863590093684301  0.000000000  0.000000000 
-0.0322597622577103  0.9862665039160133  0.000000000  0.000000000 
-0.0354845126098196  0.9861642644113749  0.000000000  0.000000000 
-0.0387089127441151  0.9860522918635775  0.000000000  0.000000000 
-0.0419329308370692  0.9859305873777445  0.000000000  0.000000000 
-0.0451565350689250  0.9857991521550505  0.000000000  0.000000000 
-0.0483796936240101  0.9856579874927081  0.000000000  0.000000000 
-0.0516023746910508  0.9855070947839550  0.000000000  0.000000000 
-0.0548245464634860  0.9853464755180419  0.000000000  0.000000000 
-0.0580461771397812  0.9851761312802159  0.000000000  0.000000000 
-0.0612672349237422  0.9849960637517060  0.000000000  0.000000000 
-0.0644876880248291  0.9848062747097056  0.000000000  0.000000000 
-0.0677075046584700  0.9846067660273563  0.000000000  0.000000000 
-0.0709266530463744  0.9843975396737282  0.000000000  0.000000000 
-0.0741451014168476  0.9841785977138009  0.000000000  0.000000000 
-0.0773628180051033  0.9839499423084431  0.000000000  0.000000000 
-0.0805797710535780  0.9837115757143913  0.000000000  0.000000000 
-0.0837959288122438  0.9834635002842278  0.000000000  0.000000000 
-0.0870112595389219  0.9832057184663566  0.000000000  0.000000000 
-0.0902257314995963  0.9829382328049804  0.000000000  0.000000000 
-0.0934393129687264  0.9826610459400746  0.000000000  0.000000000 
-0.0966519722295604  0.9823741606073618  0.000000000  0.000000000 
-0.0998636775744485  0.9820775796382842  0.000000000  0.000000000 
-0.1030743973051556  0.9817713059599763  0.000000000  0.000000000 
-0.1062840997331741  0.9814553425952357  0.000000000  0.000000000 
-0.1094927531800368  0.9811296926624933  0.000000000  0.000000000 
-0.1127003259776297  0.9807943593757825  0.000000000  0.000000000 
-0.1159067864685041  0.9804493460447071  0.000000000  0.000000000 
-0.1191121030061895  0.9800946560744099  0.000000000  0.000000000 
-0.1223162439555058  0.9797302929655373  0.000000000  0.000000000 
-0.1255191776928753  0.9793562603142063  0.000000000  0.000000000 
-0.1287208726066351  0.9789725618119681  0.000000000  0.000000000 
-0.1319212970973491  0.9785792012457721  0.000000000  0.000000000 
-0.1351204195781194  0.9781761824979281  0.000000000  0.000000000 
-0.1383182084748988  0.9777635095460686  0.000000000  0.000000000 
-0.1415146322268019  0.9773411864631090  0.000000000  0.000000000 
-0.1447096592864167  0.9769092174172077  0.000000000  0.000000000 
-0.1479032581201159  0.9764676066717244  0.000000000  0.000000000 
-0.1510953972083685  0.9760163585851795  0.000000000  0.000000000 
-0.1542860450460503  0.9755554776112090  0.000000000  0.000000000 
-0.1574751701427554  0.9750849682985222  0.000000000  0.000000000 
-0.1606627410231064  0.9746048352908558  0.000000000  0.000000000 
-0.1638487262270657  0.9741150833269292  0.000000000  0.000000000 
-0.1670330943102455  0.9736157172403962  0.000000000  0.000000000 
-0.1702158138442185  0.9731067419597986  0.000000000  0.000000000 
-0.1733968534168277  0.9725881625085171  0.000000000  0.000000000 
-0.1765761816324968  0.9720599840047212  0.000000000  0.000000000 
-0.1797537671125400  0.9715222116613197  0.000000000  0.000000000 
-0.1829295784954712  0.9709748507859085  0.000000000  0.000000000 
-0.1861035844373144  0.9704179067807185  0.000000000  0.000000000 
-0.1892757536119122  0.9698513851425620  0.000000000  0.000000000 
-0.1924460547112356  0.9692752914627791  0.000000000  0.000000000 
-0.1956144564456926  0.9686896314271818  0.000000000  0.000000000 
-0.1987809275444372  0.9680944108159980  0.000000000  0.000000000 
-0.2019454367556782  0.9674896355038151  0.000000000  0.000000000 
-0.2051079528469869  0.9668753114595210  0.000000000  0.000000000 
-0.2082684446056065  0.9662514447462461  0.000000000  0.000000000 
-0.2114268808387593  0.9656180415213033  0.000000000  0.000000000 
-0.2145832303739546  0.9649751080361262  0.000000000  0.000000000 
-0.2177374620592969  0.9643226506362091  0.000000000  0.000000000 
-0.2208895447637928  0.9636606757610431  0.000000000  0.000000000 
-0.2240394473776586  0.9629891899440528  0.000000000  0.000000000 
-0.2271871388126272  0.9623081998125322  0.000000000  0.000000000 
-0.2303325880022549  0.9616177120875790  0.000000000  0.000000000 
-0.2334757639022280  0.9609177335840284  0.000000000  0.000000000 
-0.2366166354906694  0.9602082712103853  0.000000000  0.000000000 
-0.2397551717684445  0.9594893319687573  0.000000000  0.000000000 
-0.2428913417594673  0.9587609229547842  0.000000000  0.000000000 
-0.2460251145110062  0.9580230513575689  0.000000000  0.000000000 
-0.2491564590939892  0.9572757244596064  0.000000000  0.000000000 
-0.2522853446033094  0.9565189496367112  0.000000000  0.000000000 
-0.2554117401581302  0.9557527343579455  0.000000000  0.000000000 
-0.2585356149021894  0.9549770861855446  0.000000000  0.000000000 
-0.2616569380041046  0.9541920127748429  0.000000000  0.000000000 
-0.2647756786576770  0.9533975218741981  0.000000000  0.000000000 
-0.2678918060821952  0.9525936213249145  0.000000000  0.000000000 
-0.2710052895227397  0.9517803190611661  0.000000000  0.000000000 
-0.2741160982504859  0.9509576231099177  0.000000000  0.000000000 
-0.2772242015630075  0.9501255415908464  0.000000000  0.000000000 
-0.2803295687845795  0.9492840827162607  0.000000000  0.000000000 
-0.2834321692664813  0.9484332547910203  0.000000000  0.000000000 
-0.2865319723872987  0.9475730662124529  0.000000000  0.000000000 
-0.2896289475532262  0.9467035254702727  0.000000000  0.000000000 
-0.2927230641983694  0.9458246411464959  0.000000000  0.000000000 
-0.2958142917850459  0.9449364219153558  0.000000000  0.000000000 
-0.2989025998040876  0.9440388765432177  0.000000000  0.000000000 
-0.3019879577751410  0.9431320138884920  0.000000000  0.000000000 
-0.3050703352469688  0.9422158429015470  0.000000000  0.000000000 
-0.3081497017977495  0.9412903726246205  0.000000000  0.000000000 
-0.3112260270353785  0.9403556121917305  0.000000000  0.000000000 
-0.3142992805977677  0.9394115708285850  0.000000000  0.000000000 
-0.3173694321531452  0.9384582578524913  0.000000000  0.000000000 
-0.3204364514003546  0.9374956826722635  0.000000000  0.000000000 
-0.3235003080691540  0.9365238547881301  0.000000000  0.000000000 
-0.3265609719205152  0.9355427837916398  0.000000000  0.000000000 
-0.3296184127469215  0.9345524793655675  0.000000000  0.000000000 
-0.3326726003726663  0.9335529512838178  0.000000000  0.000000000 
-0.3357235046541509  0.9325442094113295  0.000000000  0.000000000 
-0.3387710954801815  0.9315262637039778  0.000000000  0.000000000 
-0.3418153427722672  0.9304991242084758  0.000000000  0.000000000 
-0.3448562164849161  0.9294628010622753  0.000000000  0.000000000 
-0.3478936866059325  0.9284173044934678  0.000000000  0.000000000 
-0.3509277231567123  0.9273626448206821  0.000000000  0.000000000 
-0.3539582961925399  0.9262988324529836  0.000000000  0.000000000 
-0.3569853758028829  0.9252258778897705  0.000000000  0.000000000 
-0.3600089321116874  0.9241437917206715  0.000000000  0.000000000 
-0.3630289352776735  0.9230525846254404  0.000000000  0.000000000 
-0.3660453554946292  0.9219522673738502  0.000000000  0.000000000 
-0.3690581629917046  0.9208428508255883  0.000000000  0.000000000 
-0.3720673280337060  0.9197243459301481  0.000000000  0.000000000 
-0.3750728209213895  0.9185967637267211  0.000000000  0.000000000 
-0.3780746119917535  0.9174601153440888  0.000000000  0.000000000 
-0.3810726716183319  0.9163144120005116  0.000000000  0.000000000 
-0.3840669702114868  0.9151596650036191  0.000000000  0.000000000 
-0.3870574782186998  0.9139958857502980  0.000000000  0.000000000 
-0.3900441661248643  0.9128230857265794  0.000000000  0.000000000 
-0.3930270044525762  0.9116412765075266  0.000000000  0.000000000 
-0.3960059637624257  0.9104504697571189  0.000000000  0.000000000 
-0.3989810146532869  0.9092506772281383  0.000000000  0.000000000 
-0.4019521277626085  0.9080419107620530  0.000000000  0.000000000 
-0.4049192737667038  0.9068241822888998  0.000000000  0.000000000 
-0.4078824233810396  0.9055975038271671  0.000000000  0.000000000 
-0.4108415473605255  0.9043618874836762  0.000000000  0.000000000 
-0.4137966164998022  0.9031173454534616  0.000000000  0.000000000 
-0.4167476016335306  0.9018638900196504  0.000000000  0.000000000 
-0.4196944736366787  0.9006015335533419  0.000000000  0.000000000 
-0.4226372034248095  0.8993302885134848  0.000000000  0.000000000 
-0.4255757619543680  0.8980501674467545  0.000000000  0.000000000 
-0.4285101202229677  0.8967611829874290  0.000000000  0.000000000 
-0.4314402492696774  0.8954633478572647  0.000000000  0.000000000 
-0.4343661201753063  0.8941566748653701  0.000000000  0.000000000 
-0.4372877040626897  0.8928411769080802  0.000000000  0.000000000 
-0.4402049720969742  0.8915168669688287  0.000000000  0.000000000 
-0.4431178954859020  0.8901837581180204  0.000000000  0.000000000 
-0.4460264454800953  0.8888418635129011  0.000000000  0.000000000 
-0.4489305933733399  0.8874911963974288  0.000000000  0.000000000 
-0.4518303105028686  0.8861317701021429  0.000000000  0.000000000 
-0.4547255682496438  0.8847635980440318  0.000000000  0.000000000 
-0.4576163380386405  0.8833866937264017  0.000000000  0.000000000 
-0.4605025913391280  0.8820010707387420  0.000000000  0.000000000 
-0.4633842996649514  0.8806067427565925  0.000000000  0.000000000 
-0.4662614345748129  0.8792037235414071  0.000000000  0.000000000 
-0.4691339676725526  0.8777920269404195  0.000000000  0.000000000 
-0.4720018706074283  0.8763716668865048  0.000000000  0.000000000 
-0.4748651150743959  0.8749426573980434  0.000000000  0.000000000 
-0.4777236728143887  0.8735050125787823  0.000000000  0.000000000 
-0.4805775156145956  0.8720587466176954  0.000000000  0.000000000 
-0.4834266153087403  0.8706038737888435  0.000000000  0.000000000 
-0.4862709437773593  0.8691404084512344  0.000000000  0.000000000 
-0.4891104729480786  0.8676683650486801  0.000000000  0.000000000 
-0.4919451747958918  0.8661877581096546  0.000000000  0.000000000 
-0.4947750213434360  0.8646986022471508  0.000000000  0.000000000 
-0.4975999846612685  0.8632009121585357  0.000000000  0.000000000 
-0.5004200368681415  0.8616947026254058  0.000000000  0.000000000 
-0.5032351501312784  0.8601799885134415  0.000000000  0.000000000 
-0.5060452966666477  0.8586567847722589  0.000000000  0.000000000 
-0.5088504487392377  0.8571251064352647  0.000000000  0.000000000 
-0.5116505786633299  0.8555849686195053  0.000000000  0.000000000 
-0.5144456588027723  0.8540363865255192  0.000000000  0.000000000 
-0.5172356615712526  0.8524793754371864  0.000000000  0.000000000 
-0.5200205594325694  0.8509139507215780  0.000000000  0.000000000 
-0.5228003249009057  0.8493401278288040  0.000000000  0.000000000 
-0.5255749305410981  0.8477579222918606  0.000000000  0.000000000 
-0.5283443489689091  0.8461673497264780  0.000000000  0.000000000 
-0.5311085528512973  0.8445684258309651  0.000000000  0.000000000 
-0.5338675149066858  0.8429611663860553  0.000000000  0.000000000 
-0.5366212079052334  0.8413455872547506  0.000000000  0.000000000 
-0.5393696046691017  0.8397217043821646  0.000000000  0.000000000 
-0.5421126780727241  0.8380895337953657  0.000000000  0.000000000 
-0.5448504010430737  0.8364490916032187  0.000000000  0.000000000 
-0.5475827465599302  0.8348003939962257  0.000000000  0.000000000 
-0.5503096876561461  0.8331434572463665  0.000000000  0.000000000 
-0.5530311974179138  0.8314782977069379  0.000000000  0.000000000 
-0.5557472489850308  0.8298049318123923  0.000000000  0.000000000 
-0.5584578155511646  0.8281233760781755  0.000000000  0.000000000 
-0.5611628703641173  0.8264336471005639  0.000000000  0.000000000 
-0.5638623867260903  0.8247357615565001  0.000000000  0.000000000 
-0.5665563379939467  0.8230297362034289  0.000000000  0.000000000 
-0.5692446975794752  0.8213155878791321  0.000000000  0.000000000 
-0.5719274389496517  0.8195933335015613  0.000000000  0.000000000 
-0.5746045356269026  0.8178629900686722  0.000000000  0.000000000 
-0.5772759611893639  0.8161245746582556  0.000000000  0.000000000 
-0.5799416892711439  0.8143781044277701  0.000000000  0.000000000 
-0.5826016935625828  0.8126235966141716  0.000000000  0.000000000 
-0.5852559478105123  0.8108610685337438  0.000000000  0.000000000 
-0.5879044258185139  0.8090905375819276  0.000000000  0.000000000 
-0.5905471014471795  0.8073120212331485  0.000000000  0.000000000 
-0.5931839486143673  0.8055255370406449  0.000000000  0.000000000 
-0.5958149412954603  0.8037311026362944  0.000000000  0.000000000 
-0.5984400535236231  0.8019287357304404  0.000000000  0.000000000 
-0.6010592593900576  0.8001184541117163  0.000000000  0.000000000 
-0.6036725330442591  0.7983002756468711  0.000000000  0.000000000 
-0.6062798486942721  0.7964742182805922  0.000000000  0.000000000 
-0.6088811806069435  0.7946403000353285  0.000000000  0.000000000 
-0.6114765031081777  0.7927985390111126  0.000000000  0.000000000 
-0.6140657905831891  0.7909489533853824  0.000000000  0.000000000 
-0.6166490174767562  0.7890915614128013  0.000000000  0.000000000 
-0.6192261582934717  0.7872263814250784  0.000000000  0.000000000 
-0.6217971875979966  0.7853534318307868  0.000000000  0.000000000 
-0.6243620800153098  0.7834727311151830  0.000000000  0.000000000 
-0.6269208102309582  0.7815842978400239  0.000000000  0.000000000 
-0.6294733529913079  0.7796881506433837  0.000000000  0.000000000 
-0.6320196831037923  0.7777843082394691  0.000000000  0.000000000 
-0.6345597754371610  0.7758727894184366  0.000000000  0.000000000 
-0.6370936049217284  0.7739536130462051  0.000000000  0.000000000 
-0.6396211465496203  0.7720267980642704  0.000000000  0.000000000 
-0.6421423753750213  0.7700923634895187  0.000000000  0.000000000 
-0.6446572665144206  0.7681503284140383  0.000000000  0.000000000 
-0.6471657951468581  0.7662007120049311  0.000000000  0.000000000 
-0.6496679365141690  0.7642435335041244  0.000000000  0.000000000 
-0.6521636659212280  0.7622788122281794  0.000000000  0.000000000 
-0.6546529587361933  0.7603065675681022  0.000000000  0.000000000 
-0.6571357903907502  0.7583268189891513  0.000000000  0.000000000 
-0.6596121363803523  0.7563395860306459  0.000000000  0.000000000 
-0.6620819722644645  0.7543448883057731  0.000000000  0.000000000 
-0.6645452736668038  0.7523427455013939  0.000000000  0.000000000 
-0.6670020162755799  0.7503331773778498  0.000000000  0.000000000 
-0.6694521758437348  0.7483162037687665  0.000000000  0.000000000 
-0.6718957281891830  0.7462918445808597  0.000000000  0.000000000 
-0.6743326491950492  0.7442601197937372  0.000000000  0.000000000 
-0.6767629148099070  0.7422210494597020  0.000000000  0.000000000 
-0.6791865010480158  0.7401746537035557  0.000000000  0.000000000 
-0.6816033839895579  0.7381209527223976  0.000000000  0.000000000 
-0.6840135397808745  0.7360599667854280  0.000000000  0.000000000 
-0.6864169446347009  0.7339917162337454  0.000000000  0.000000000 
-0.6888135748304015  0.7319162214801480  0.000000000  0.000000000 
-0.6912034067142039  0.7298335030089312  0.000000000  0.000000000 
-0.6935864166994320  0.7277435813756854  0.000000000  0.000000000 
-0.6959625812667396  0.7256464772070935  0.000000000  0.000000000 
-0.6983318769643414  0.7235422112007267  0.000000000  0.000000000 
-0.7006942804082456  0.7214308041248414  0.000000000  0.000000000 
-0.7030497682824839  0.7193122768181726  0.000000000  0.000000000 
-0.7053983173393418  0.7171866501897298  0.000000000  0.000000000 
-0.7077399043995886  0.7150539452185894  0.000000000  0.000000000 
-0.7100745063527051  0.7129141829536888  0.000000000  0.000000000 
-0.7124021001571124  0.7107673845136177  0.000000000  0.000000000 
-0.7147226628403996  0.7086135710864097  0.000000000  0.000000000 
-0.7170361714995498  0.7064527639293340  0.000000000  0.000000000 
-0.7193426033011666  0.7042849843686848  0.000000000  0.000000000 
-0.7216419354816991  0.7021102537995711  0.000000000  0.000000000 
-0.7239341453476670  0.6999285936857059  0.000000000  0.000000000 
-0.7262192102758844  0.6977400255591937  0.000000000  0.000000000 
-0.7284971077136828  0.6955445710203182  0.000000000  0.000000000 
-0.7307678151791345  0.6933422517373296  0.000000000  0.000000000 
-0.7330313102612731  0.6911330894462296  0.000000000  0.000000000 
-0.7352875706203162  0.6889171059505587  0.000000000  0.000000000 
-0.7375365739878847  0.6866943231211792  0.000000000  0.000000000 
-0.7397782981672238  0.6844647628960601  0.000000000  0.000000000 
-0.7420127210334204  0.6822284472800608  0.000000000  0.000000000 
-0.7442398205336231  0.6799853983447137  0.000000000  0.000000000 
-0.7464595746872589  0.6777356382280061  0.000000000  0.000000000 
-0.7486719615862506  0.6754791891341622  0.000000000  0.000000000 
-0.7508769593952324  0.6732160733334234  0.000000000  0.000000000 
-0.7530745463517661  0.6709463131618293  0.000000000  0.000000000 
-0.7552647007665559  0.6686699310209961  0.000000000  0.000000000 
-0.7574474010236621  0.6663869493778968  0.000000000  0.000000000 
-0.7596226255807138  0.6640973907646384  0.000000000  0.000000000 
-0.7617903529691231  0.6618012777782400  0.000000000  0.000000000 
-0.7639505617942959  0.6594986330804101  0.000000000  0.000000000 
-0.7661032307358430  0.6571894793973222  0.000000000  0.000000000 
-0.7682483385477913  0.6548738395193905  0.000000000  0.000000000 
-0.7703858640587924  0.6525517363010460  0.000000000  0.000000000 
-0.7725157861723326  0.6502231926605101  0.000000000  0.000000000 
-0.7746380838669406  0.6478882315795684  0.000000000  0.000000000 
-0.7767527361963948  0.6455468761033440  0.000000000  0.000000000 
-0.7788597222899305  0.6431991493400704  0.000000000  0.000000000 
-0.7809590213524457  0.6408450744608627  0.000000000  0.000000000 
-0.7830506126647060  0.6384846746994897  0.000000000  0.000000000 
-0.7851344755835495  0.6361179733521440  0.000000000  0.000000000 
-0.7872105895420908  0.6337449937772127  0.000000000  0.000000000 
-0.7892789340499229  0.6313657593950460  0.000000000  0.000000000 
-0.7913394886933209  0.6289802936877268  0.000000000  0.000000000 
-0.7933922331354420  0.6265886201988385  0.000000000  0.000000000 
-0.7954371471165277  0.6241907625332328  0.000000000  0.000000000 
-0.7974742104541021  0.6217867443567969  0.000000000  0.000000000 
-0.7995034030431728  0.6193765893962198  0.000000000  0.000000000 
-0.8015247048564280  0.6169603214387577  0.000000000  0.000000000 
-0.8035380959444349  0.6145379643319999  0.000000000  0.000000000 
-0.8055435564358363  0.6121095419836332  0.000000000  0.000000000 
-0.8075410665375468  0.6096750783612058  0.000000000  0.000000000 
-0.8095306065349480  0.6072345974918908  0.000000000  0.000000000 
-0.8115121567920834  0.6047881234622490  0.000000000  0.000000000 
-0.8134856977518521  0.6023356804179913  0.000000000  0.000000000 
-0.8154512099362015  0.5998772925637409  0.000000000  0.000000000 
-0.8174086739463196  0.5974129841627931  0.000000000  0.000000000 
-0.8193580704628273  0.5949427795368770  0.000000000  0.000000000 
-0.8212993802459676  0.5924667030659150  0.000000000  0.000000000 
-0.8232325841357968  0.5899847791877821  0.000000000  0.000000000 
-0.8251576630523733  0.5874970323980653  0.000000000  0.000000000 
-0.8270745979959447  0.5850034872498207  0.000000000  0.000000000 
-0.8289833700471376  0.5825041683533324  0.000000000  0.000000000 
-0.8308839603671424  0.5799991003758690  0.000000000  0.000000000 
-0.8327763501978996  0.5774883080414399  0.000000000  0.000000000 
-0.8346605208622859  0.5749718161305520  0.000000000  0.000000000 
-0.8365364537642974  0.5724496494799645  0.000000000  0.000000000 
-0.8384041303892334  0.5699218329824436  0.000000000  0.000000000 
-0.8402635323038802  0.5673883915865182  0.000000000  0.000000000 
-0.8421146411566912  0.5648493502962316  0.000000000  0.000000000 
-0.8439574386779694  0.5623047341708967  0.000000000  0.000000000 
-0.8457919066800472  0.5597545683248470  0.000000000  0.000000000 
-0.8476180270574660  0.5571988779271899  0.000000000  0.000000000 
-0.8494357817871552  0.5546376882015580  0.000000000  0.000000000 
-0.8512451529286091  0.5520710244258600  0.000000000  0.000000000 
-0.8530461226240654  0.5494989119320308  0.000000000  0.000000000 
-0.8548386730986798  0.5469213761057827  0.000000000  0.000000000 
-0.8566227866607031  0.5443384423863535  0.000000000  0.000000000 
-0.8583984457016547  0.5417501362662562  0.000000000  0.000000000 
-0.8601656326964966  0.5391564832910275  0.000000000  0.000000000 
-0.8619243302038069  0.5365575090589746  0.000000000  0.000000000 
-0.8636745208659510  0.5339532392209246  0.000000000  0.000000000 
-0.8654161874092535  0.5313436994799692  0.000000000  0.000000000 
-0.8671493126441691  0.5287289155912119  0.000000000  0.000000000 
-0.8688738794654510  0.5261089133615143  0.000000000  0.000000000 
-0.8705898708523213  0.5234837186492406  0.000000000  0.000000000 
-0.8722972698686376  0.5208533573640026  0.000000000  0.000000000 
-0.8739960596630612  0.5182178554664045  0.000000000  0.000000000 
-0.8756862234692220  0.5155772389677862  0.000000000  0.000000000 
-0.8773677446058863  0.5129315339299659  0.000000000  0.000000000 
-0.8790406064771188  0.5102807664649848  0.000000000  0.000000000 
-0.8807047925724486  0.5076249627348471  0.000000000  0.000000000 
-0.8823602864670306  0.5049641489512640  0.000000000  0.000000000 
-0.8840070718218084  0.5022983513753928  0.000000000  0.000000000 
-0.8856451323836754  0.4996275963175797  0.000000000  0.000000000 
-0.8872744519856351  0.4969519101370988  0.000000000  0.000000000 
-0.8888950145469610  0.4942713192418924  0.000000000  0.000000000 
-0.8905068040733547  0.4915858500883104  0.000000000  0.000000000 
-0.8921098046571044  0.4888955291808493  0.000000000  0.000000000 
-0.8937040004772414  0.4862003830718903  0.000000000  0.000000000 
-0.8952893757996966  0.4835004383614375  0.000000000  0.000000000 
-0.8968659149774556  0.4807957216968550  0.000000000  0.000000000 
-0.8984336024507131  0.4780862597726045  0.000000000  0.000000000 
-0.8999924227470270  0.4753720793299813  0.000000000  0.000000000 
-0.9015423604814697  0.4726532071568505  0.000000000  0.000000000 
-0.9030834003567819  0.4699296700873829  0.000000000  0.000000000 
-0.9046155271635222  0.4672014950017898  0.000000000  0.000000000 
-0.9061387257802175  0.4644687088260580  0.000000000  0.000000000 
-0.9076529811735122  0.4617313385316836  0.000000000  0.000000000 
-0.9091582783983172  0.4589894111354064  0.000000000  0.000000000 
-0.9106546025979565  0.4562429536989429  0.000000000  0.000000000 
-0.9121419390043140  0.4534919933287190  0.000000000  0.000000000 
-0.9136202729379803  0.4507365571756031  0.000000000  0.000000000 
-0.9150895898083962  0.4479766724346376  0.000000000  0.000000000 
-0.9165498751139973  0.4452123663447707  0.000000000  0.000000000 
-0.9180011144423571  0.4424436661885875  0.000000000  0.000000000 
-0.9194432934703294  0.4396705992920407  0.000000000  0.000000000 
-0.9208763979641894  0.4368931930241811  0.000000000  0.000000000 
-0.9223004137797745  0.4341114747968873  0.000000000  0.000000000 
-0.9237153268626230  0.4313254720645950  0.000000000  0.000000000 
-0.9251211232481146  0.4285352123240267  0.000000000  0.000000000 
-0.9265177890616063  0.4257407231139195  0.000000000  0.000000000 
-0.9279053105185701  0.4229420320147535  0.000000000  0.000000000 
-0.9292836739247298  0.4201391666484802  0.000000000  0.000000000 
-0.9306528656761949  0.4173321546782491  0.000000000  0.000000000 
-0.9320128722595953  0.4145210238081351  0.000000000  0.000000000 
-0.9333636802522155  0.4117058017828651  0.000000000  0.000000000 
-0.9347052763221257  0.4088865163875438  0.000000000  0.000000000 
-0.9360376472283144  0.4060631954473800  0.000000000  0.000000000 
-0.9373607798208187  0.4032358668274114  0.000000000  0.000000000 
-0.9386746610408540  0.4004045584322301  0.000000000  0.000000000 
-0.9399792779209430  0.3975692982057069  0.000000000  0.000000000 
-0.9412746175850440  0.3947301141307157  0.000000000  0.000000000 
-0.9425606672486774  0.3918870342288571  0.000000000  0.000000000 
-0.9438374142190522  0.3890400865601817  0.000000000  0.000000000 
-0.9451048458951912  0.3861892992229140  0.000000000  0.000000000 
-0.9463629497680555  0.3833347003531737  0.000000000  0.000000000 
-0.9476117134206677  0.3804763181246995  0.000000000  0.000000000 
-0.9488511245282349  0.3776141807485698  0.000000000  0.000000000 
-0.9500811708582696  0.3747483164729252  0.000000000  0.000000000 
-0.9513018402707112  0.3718787535826890  0.000000000  0.000000000 
-0.9525131207180454  0.3690055203992885  0.000000000  0.000000000 
-0.9537150002454233  0.3661286452803753  0.000000000  0.000000000 
-0.9549074669907791  0.3632481566195451  0.000000000  0.000000000 
-0.9560905091849474  0.3603640828460584  0.000000000  0.000000000 
-0.9572641151517794  0.3574764524245589  0.000000000  0.000000000 
-0.9584282733082582  0.3545852938547930  0.000000000  0.000000000 
-0.9595829721646124  0.3516906356713286  0.000000000  0.000000000 
-0.9607282003244305  0.3487925064432734  0.000000000  0.000000000 
-0.9618639464847734  0.3458909347739929  0.000000000  0.000000000 
-0.9629901994362844  0.3429859493008279  0.000000000  0.000000000 
-0.9641069480633020  0.3400775786948124  0.000000000  0.000000000 
-0.9652141813439680  0.3371658516603900  0.000000000  0.000000000 
-0.9663118883503367  0.3342507969351312  0.000000000  0.000000000 
-0.9674000582484832  0.3313324432894490  0.000000000  0.000000000 
-0.9684786802986102  0.3284108195263159  0.000000000  0.000000000 
-0.9695477438551533  0.3254859544809789  0.000000000  0.000000000 
-0.9706072383668867  0.3225578770206752  0.000000000  0.000000000 
-0.9716571533770275  0.3196266160443472  0.000000000  0.000000000 
-0.9726974785233383  0.3166922004823573  0.000000000  0.000000000 
-0.9737282035382300  0.3137546592962024  0.000000000  0.000000000 
-0.9747493182488626  0.3108140214782282  0.000000000  0.000000000 
-0.9757608125772465  0.3078703160513427  0.000000000  0.000000000 
-0.9767626765403407  0.3049235720687300  0.000000000  0.000000000 
-0.9777549002501525  0.3019738186135636  0.000000000  0.000000000 
-0.9787374739138345  0.2990210847987193  0.000000000  0.000000000 
-0.9797103878337812  0.2960653997664877  0.000000000  0.000000000 
-0.9806736324077252  0.2931067926882869  0.000000000  0.000000000 
-0.9816271981288313  0.2901452927643742  0.000000000  0.000000000 
-0.9825710755857906  0.2871809292235584  0.000000000  0.000000000 
-0.9835052554629140  0.2842137313229107  0.000000000  0.000000000 
-0.9844297285402231  0.2812437283474766  0.000000000  0.000000000 
-0.9853444856935418  0.2782709496099864  0.000000000  0.000000000 
-0.9862495178945865  0.2752954244505660  0.000000000  0.000000000 
-0.9871448162110545  0.2723171822364476  0.000000000  0.000000000 
-0.9880303718067130  0.2693362523616795  0.000000000  0.000000000 
-0.9889061759414860  0.2663526642468360  0.000000000  0.000000000 
-0.9897722199715399  0.2633664473387272  0.000000000  0.000000000 
-0.9906284953493697  0.2603776311101086  0.000000000  0.000000000 
-0.9914749936238835  0.2573862450593896  0.000000000  0.000000000 
-0.9923117064404848  0.2543923187103430  0.000000000  0.000000000 
-0.9931386255411561  0.2513958816118129  0.000000000  0.000000000 
-0.9939557427645394  0.2483969633374239  0.000000000  0.000000000 
-0.9947630500460178  0.2453955934852888  0.000000000  0.000000000 
-0.9955605394177944  0.2423918016777162  0.000000000  0.000000000 
-0.9963482030089711  0.2393856175609185  0.000000000  0.000000000 
-0.9971260330456261  0.2363770708047194  0.000000000  0.000000000 
-0.9978940218508908  0.2333661911022608  0.000000000  0.000000000 
-0.9986521618450260  0.2303530081697097  0.000000000  0.000000000 
-0.9994004455454962  0.2273375517459652  0.000000000  0.000000000 
-1.0001388655670431  0.2243198515923649  0.000000000  0.000000000 
-1.0008674146217591  0.2212999374923909  0.000000000  0.000000000 
-1.0015860855191594  0.2182778392513763  0.000000000  0.000000000 
-1.0022948711662523  0.2152535866962107  0.000000000  0.000000000 
-1.0029937645676097  0.2122272096750457  0.000000000  0.000000000 
-1.0036827588254356  0.2091987380570008  0.000000000  0.000000000 
-1.0043618471396352  0.2061682017318683  0.000000000  0.000000000 
-1.0050310228078805  0.2031356306098181  0.000000000  0.000000000 
-1.0056902792256781  0.2001010546211029  0.000000000  0.000000000 
-1.0063396098864339  0.1970645037157628  0.000000000  0.000000000 
-1.0069790083815153  0.1940260078633291  0.000000000  0.000000000 
-1.0076084684003184  0.1909855970525292  0.000000000  0.000000000 
-1.0082279837303258  0.1879433012909905  0.000000000  0.000000000 
-1.0088375482571721  0.1848991506049438  0.000000000  0.000000000 
-1.0094371559647015  0.1818531750389275  0.000000000  0.000000000 
-1.0100268009350275  0.1788054046554906  0.000000000  0.000000000 
-1.0106064773485925  0.1757558695348964  0.000000000  0.000000000 
-1.0111761794842249  0.1727045997748254  0.000000000  0.000000000 
-1.0117359017191938  0.1696516254900783  0.000000000  0.000000000 
-1.0122856385292669  0.1665969768122788  0.000000000  0.000000000 
-1.0128253844887642  0.1635406838895760  0.000000000  0.000000000 
-1.0133551342706106  0.1604827768863474  0.000000000  0.000000000 
-1.0138748826463899  0.1574232859829003  0.000000000  0.000000000 
-1.0143846244863954  0.1543622413751749  0.000000000  0.000000000 
-1.0148843547596809  0.1512996732744458  0.000000000  0.000000000 
-1.0153740685341099  0.1482356119070236  0.000000000  0.000000000 
-1.0158537609764060  0.1451700875139569  0.000000000  0.000000000 
-1.0163234273521979  0.1421031303507340  0.000000000  0.000000000 
-1.0167830630260681  0.1390347706869840  0.000000000  0.000000000 
-1.0172326634615982  0.1359650388061779  0.000000000  0.000000000 
-1.0176722242214136  0.1328939650053300  0.000000000  0.000000000 
-1.0181017409672266  0.1298215795946991  0.000000000  0.000000000 
-1.0185212094598803  0.1267479128974886  0.000000000  0.000000000 
-1.0189306255593906  0.1236729952495480  0.000000000  0.000000000 
-1.0193299852249857  0.1205968569990731  0.000000000  0.000000000 
-1.0197192845151466  0.1175195285063066  0.000000000  0.000000000 
-1.0200985195876466  0.1144410401432382  0.000000000  0.000000000 
-1.0204676866995888  0.1113614222933054  0.000000000  0.000000000 
-1.0208267822074428  0.1082807053510930  0.000000000  0.000000000 
-1.0211758025670807  0.1051989197220334  0.000000000  0.000000000 
-1.0215147443338128  0.1021160958221067  0.000000000  0.000000000 
-1.0218436041624204  0.0990322640775401  0.000000000  0.000000000 
-1.0221623788071899  0.0959474549245081  0.000000000  0.000000000 
-1.0224710651219442  0.0928616988088315  0.000000000  0.000000000 
-1.0227696600600742  0.0897750261856774  0.000000000  0.000000000 
-1.0230581606745679  0.0866874675192586  0.000000000  0.000000000 
-1.0233365641180412  0.0835990532825324  0.000000000  0.000000000 
-1.0236048676427643  0.0805098139569007  0.000000000  0.000000000 
-1.0238630686006898  0.0774197800319083  0.000000000  0.000000000 
-1.0241111644434786  0.0743289820049427  0.000000000  0.000000000 
-1.0243491527225246  0.0712374503809325  0.000000000  0.000000000 
-1.0245770310889795  0.0681452156720468  0.000000000  0.000000000 
-1.0247947972937763  0.0650523083973937  0.000000000  0.000000000 
-1.0250024491876502  0.0619587590827194  0.000000000  0.000000000 
-1.0251999847211606  0.0588645982601067  0.000000000  0.000000000 
-1.0253874019447120  0.0557698564676738  0.000000000  0.000000000 
-1.0255646990085721  0.0526745642492728  0.000000000  0.000000000 
-1.0257318741628898  0.0495787521541882  0.000000000  0.000000000 
-1.0258889257577144  0.0464824507368356  0.000000000  0.000000000 
-1.0260358522430100  0.0433856905564599  0.000000000  0.000000000 
-1.0261726521686709  0.0402885021768340  0.000000000  0.000000000 
-1.0262993241845380  0.0371909161659567  0.000000000  0.000000000 
-1.0264158670404091  0.0340929630957514  0.000000000  0.000000000 
-1.0265222795860534  0.0309946735417643  0.000000000  0.000000000 
-1.0266185607712219  0.0278960780828624  0.000000000  0.000000000 
-1.0267047096456583  0.0247972073009318  0.000000000  0.000000000 
-1.0267807253591079  0.0216980917805763  0.000000000  0.000000000 
-1.0268466071613265  0.0185987621088148  0.000000000  0.000000000 
-1.0269023544020870  0.0154992488747798  0.000000000  0.000000000 
-1.0269479665311871  0.0123995826694158  0.000000000  0.000000000 
-1.0269834430984530  0.0092997940851768  0.000000000  0.000000000 
-1.0270087837537454  0.0061999137157246  0.000000000  0.000000000 
-1.0270239882469625  0.0030999721556270  0.000000000  0.000000000 
-1.0270290564280420  0.0000000000000558  0.000000000  0.000000000 
